hrmoncadalopez 1 138 411.0 425.0 425.0 425 1470953313 1470959695 undefined
hrmoncadalopez 1 136 497.0 504.0 504.0 504 1470953313 1470959655 undefined
hrmoncadalopez 1 125 772.0 777.0 777.0 777 1470953313 1470959609 undefined
hrmoncadalopez 1 137 375.0 389.0 389.0 389 1470953313 1470959559 undefined
hrmoncadalopez 1 120 865.0 869.0 869.0 869 1470953313 1470959531 undefined
hrmoncadalopez 1 133 369.0 372.0 372.0 372 1470953313 1470959443 undefined
hrmoncadalopez 1 115 933.0 941.0 941.0 941 1470953313 1470959432 undefined
hrmoncadalopez 1 132 340.0 350.0 350.0 349 1470953313 1470959402 undefined
hrmoncadalopez 1 139 61.0 64.0 64.0 64 1470953313 1470959336 undefined
hrmoncadalopez 1 130 288.0 301.0 301.0 301 1470953313 1470959332 undefined
hrmoncadalopez 1 134 227.0 231.0 231.0 231 1470953313 1470959306 undefined
hrmoncadalopez 1 135 169.0 179.0 179.0 179 1470953313 1470959270 undefined
hrmoncadalopez 1 131 178.0 183.0 183.0 183 1470953313 1470959235 undefined
hrmoncadalopez 1 110 924.0 937.0 937.0 937 1470953313 1470959210 undefined
hrmoncadalopez 1 129 195.0 210.0 210.0 210 1470953313 1470959170 undefined
hrmoncadalopez 1 123 368.0 382.0 382.0 382 1470953313 1470959136 undefined
hrmoncadalopez 1 106 870.0 883.0 883.0 883 1470953313 1470959075 undefined
hrmoncadalopez 1 128 175.0 181.0 181.0 181 1470953313 1470959071 undefined
hrmoncadalopez 1 126 209.0 223.0 223.0 223 1470953313 1470959065 undefined
hrmoncadalopez 1 127 170.0 175.0 175.0 175 1470953313 1470959052 undefined
hrmoncadalopez 1 124 240.0 242.0 242.0 242 1470953313 1470959052 undefined
hrmoncadalopez 1 101 921.0 928.0 928.0 928 1470953313 1470958993 undefined
hrmoncadalopez 1 118 360.0 375.0 375.0 375 1470953313 1470958960 undefined
hrmoncadalopez 1 121 219.0 225.0 225.0 225 1470953313 1470958890 undefined
hrmoncadalopez 1 122 182.0 191.0 191.0 191 1470953313 1470958877 undefined
hrmoncadalopez 1 119 241.0 243.0 243.0 243 1470953313 1470958842 undefined
hrmoncadalopez 1 114 392.0 402.0 402.0 402 1470953313 1470958832 undefined
hrmoncadalopez 1 95 903.0 918.0 918.0 918 1470953313 1470958810 undefined
hrmoncadalopez 1 117 233.0 239.0 239.0 239 1470953313 1470958754 undefined
hrmoncadalopez 1 116 173.0 187.0 187.0 187 1470953313 1470958686 undefined
hrmoncadalopez 1 112 247.0 252.0 252.0 252 1470953313 1470958665 undefined
hrmoncadalopez 1 109 397.0 403.0 403.0 403 1470953313 1470958662 undefined
hrmoncadalopez 1 113 160.0 175.0 175.0 175 1470953313 1470958599 undefined
hrmoncadalopez 1 99 558.0 574.0 574.0 574 1470953313 1470958585 undefined
hrmoncadalopez 1 104 382.0 389.0 389.0 389 1470953313 1470958515 undefined
hrmoncadalopez 1 111 193.0 200.0 200.0 200 1470953313 1470958499 undefined
hrmoncadalopez 1 69 1530.0 1544.0 1544.0 1544 1470953313 1470958474 undefined
hrmoncadalopez 1 107 219.0 232.0 232.0 232 1470953313 1470958430 undefined
hrmoncadalopez 1 108 191.0 195.0 195.0 195 1470953313 1470958424 undefined
hrmoncadalopez 1 105 272.0 282.0 282.0 282 1470953313 1470958413 undefined
hrmoncadalopez 1 102 225.0 228.0 228.0 228 1470953313 1470958299 undefined
hrmoncadalopez 1 103 169.0 174.0 174.0 174 1470953313 1470958273 undefined
hrmoncadalopez 1 100 236.0 243.0 243.0 243 1470953313 1470958259 undefined
hrmoncadalopez 1 98 239.0 245.0 245.0 245 1470953313 1470958229 undefined
hrmoncadalopez 1 94 299.0 306.0 306.0 306 1470953313 1470958198 undefined
hrmoncadalopez 1 97 197.0 206.0 206.0 206 1470953313 1470958156 undefined
hrmoncadalopez 1 93 286.0 295.0 295.0 295 1470953313 1470958126 undefined
hrmoncadalopez 1 92 277.0 281.0 281.0 281 1470953313 1470958107 undefined
hrmoncadalopez 1 96 183.0 195.0 195.0 195 1470953313 1470958099 undefined
hrmoncadalopez 1 85 484.0 493.0 493.0 493 1470953313 1470958065 undefined
hrmoncadalopez 1 91 255.0 257.0 257.0 257 1470953313 1470958029 undefined
hrmoncadalopez 1 89 301.0 305.0 305.0 305 1470953313 1470958016 undefined
hrmoncadalopez 1 90 198.0 213.0 213.0 213 1470953313 1470957984 undefined
hrmoncadalopez 1 68 1015.0 1032.0 1032.0 1032 1470953313 1470957954 undefined
hrmoncadalopez 1 87 279.0 292.0 292.0 292 1470953313 1470957950 undefined
hrmoncadalopez 1 88 181.0 193.0 193.0 193 1470953313 1470957904 undefined
hrmoncadalopez 1 84 302.0 312.0 312.0 311 1470953313 1470957872 undefined
hrmoncadalopez 1 82 407.0 410.0 410.0 410 1470953313 1470957852 undefined
hrmoncadalopez 1 86 206.0 213.0 213.0 213 1470953313 1470957826 undefined
hrmoncadalopez 1 83 323.0 330.0 330.0 330 1470953313 1470957810 undefined
hrmoncadalopez 1 67 867.0 883.0 883.0 883 1470953313 1470957772 undefined
hrmoncadalopez 1 80 391.0 395.0 395.0 395 1470953313 1470957747 undefined
hrmoncadalopez 1 77 431.0 434.0 434.0 434 1470953313 1470957689 undefined
hrmoncadalopez 1 81 297.0 302.0 302.0 302 1470953313 1470957688 undefined
hrmoncadalopez 1 66 842.0 847.0 847.0 847 1470953313 1470957658 undefined
hrmoncadalopez 1 79 291.0 295.0 295.0 295 1470953313 1470957613 undefined
hrmoncadalopez 1 78 258.0 269.0 269.0 269 1470953313 1470957572 undefined
hrmoncadalopez 1 75 402.0 415.0 415.0 415 1470953313 1470957560 undefined
hrmoncadalopez 1 73 405.0 413.0 413.0 413 1470953313 1470957480 undefined
hrmoncadalopez 1 76 201.0 214.0 214.0 214 1470953313 1470957442 undefined
hrmoncadalopez 1 71 409.0 414.0 414.0 413 1470953313 1470957386 undefined
hrmoncadalopez 1 74 201.0 215.0 215.0 215 1470953313 1470957352 undefined
hrmoncadalopez 1 65 498.0 507.0 507.0 507 1470953313 1470957318 undefined
hrmoncadalopez 1 70 361.0 373.0 373.0 373 1470953313 1470957303 undefined
hrmoncadalopez 1 64 508.0 516.0 516.0 516 1470953313 1470957255 undefined
hrmoncadalopez 1 72 210.0 219.0 219.0 219 1470953313 1470957228 undefined
hrmoncadalopez 1 61 508.0 515.0 515.0 515 1470953313 1470957145 undefined
hrmoncadalopez 1 62 476.0 485.0 485.0 485 1470953313 1470957137 undefined
hrmoncadalopez 1 54 721.0 737.0 737.0 737 1470953313 1470957067 undefined
hrmoncadalopez 1 59 483.0 498.0 498.0 498 1470953313 1470957009 undefined
hrmoncadalopez 1 58 510.0 522.0 522.0 522 1470953313 1470956972 undefined
hrmoncadalopez 1 56 465.0 472.0 472.0 472 1470953313 1470956922 undefined
hrmoncadalopez 1 52 729.0 745.0 745.0 745 1470953313 1470956916 undefined
hrmoncadalopez 1 51 787.0 800.0 800.0 800 1470953313 1470956900 undefined
hrmoncadalopez 1 63 196.0 199.0 199.0 199 1470953313 1470956889 undefined
hrmoncadalopez 1 48 801.0 810.0 810.0 810 1470953313 1470956789 undefined
hrmoncadalopez 1 49 717.0 735.0 735.0 735 1470953313 1470956784 undefined
hrmoncadalopez 1 60 193.0 196.0 196.0 196 1470953313 1470956739 undefined
hrmoncadalopez 1 57 194.0 202.0 202.0 202 1470953313 1470956652 undefined
hrmoncadalopez 1 45 829.0 841.0 841.0 841 1470953313 1470956642 undefined
hrmoncadalopez 1 46 756.0 762.0 762.0 761 1470953313 1470956606 undefined
hrmoncadalopez 1 55 150.0 153.0 153.0 153 1470953313 1470956543 undefined
hrmoncadalopez 1 53 266.0 274.0 274.0 274 1470953313 1470956454 undefined
hrmoncadalopez 1 42 695.0 711.0 711.0 711 1470953313 1470956422 undefined
hrmoncadalopez 1 39 745.0 757.0 757.0 757 1470953313 1470956404 undefined
hrmoncadalopez 1 37 762.0 772.0 772.0 772 1470953313 1470956385 undefined
hrmoncadalopez 1 50 258.0 269.0 269.0 269 1470953313 1470956357 undefined
hrmoncadalopez 1 35 722.0 727.0 727.0 727 1470953313 1470956306 undefined
hrmoncadalopez 1 33 691.0 705.0 705.0 705 1470953313 1470956180 undefined
hrmoncadalopez 1 47 280.0 291.0 291.0 291 1470953313 1470956171 undefined
hrmoncadalopez 1 30 681.0 690.0 690.0 690 1470953313 1470956100 undefined
hrmoncadalopez 1 44 278.0 292.0 292.0 292 1470953313 1470956088 undefined
hrmoncadalopez 1 43 257.0 261.0 261.0 261 1470953313 1470956049 undefined
hrmoncadalopez 1 41 263.0 273.0 273.0 273 1470953313 1470955979 undefined
hrmoncadalopez 1 40 200.0 214.0 214.0 214 1470953313 1470955880 undefined
hrmoncadalopez 1 38 189.0 199.0 199.0 199 1470953313 1470955844 undefined
hrmoncadalopez 1 34 246.0 258.0 258.0 258 1470953313 1470955801 undefined
hrmoncadalopez 1 25 499.0 506.0 506.0 506 1470953313 1470955796 undefined
hrmoncadalopez 1 36 184.0 196.0 196.0 196 1470953313 1470955788 undefined
hrmoncadalopez 1 32 249.0 260.0 260.0 260 1470953313 1470955711 undefined
hrmoncadalopez 1 28 341.0 351.0 351.0 351 1470953313 1470955706 undefined
hrmoncadalopez 1 24 421.0 438.0 438.0 438 1470953313 1470955666 undefined
hrmoncadalopez 1 29 244.0 269.0 269.0 269 1470953313 1470955647 undefined
hrmoncadalopez 1 31 216.0 233.0 233.0 233 1470953313 1470955645 undefined
hrmoncadalopez 1 27 287.0 297.0 297.0 297 1470953313 1470955613 undefined
hrmoncadalopez 1 19 511.0 522.0 522.0 522 1470953313 1470955592 undefined
hrmoncadalopez 1 22 493.0 509.0 509.0 509 1470953313 1470955579 undefined
hrmoncadalopez 1 26 235.0 244.0 244.0 244 1470953313 1470955543 undefined
hrmoncadalopez 1 21 382.0 405.0 405.0 405 1470953313 1470955475 undefined
hrmoncadalopez 1 17 376.0 382.0 382.0 382 1470953313 1470955451 undefined
hrmoncadalopez 1 13 399.0 403.0 403.0 403 1470953313 1470955412 undefined
hrmoncadalopez 1 16 390.0 401.0 401.0 401 1470953313 1470955410 undefined
hrmoncadalopez 1 15 355.0 369.0 369.0 369 1470953313 1470955378 undefined
hrmoncadalopez 1 20 269.0 285.0 285.0 285 1470953313 1470955355 undefined
hrmoncadalopez 1 23 237.0 246.0 246.0 246 1470953313 1470955316 undefined
hrmoncadalopez 1 12 345.0 350.0 350.0 350 1470953313 1470955299 undefined
hrmoncadalopez 1 18 209.0 221.0 221.0 221 1470953313 1470955290 undefined
hrmoncadalopez 1 14 210.0 219.0 219.0 218 1470953313 1470955228 undefined
hrmoncadalopez 1 11 515.0 1694.0 1694.0 1693 1470953313 1470955022 undefined
hrmoncadalopez 1 5 500.0 1694.0 1694.0 1693 1470953313 1470955022 undefined
hrmoncadalopez 1 2 493.0 1694.0 1694.0 1693 1470953313 1470955022 undefined
hrmoncadalopez 1 8 518.0 1692.0 1692.0 1692 1470953313 1470955021 undefined
hrmoncadalopez 1 0 440.0 1688.0 1688.0 1688 1470953313 1470955016 undefined
hrmoncadalopez 1 3 439.0 1688.0 1688.0 1688 1470953313 1470955016 undefined
hrmoncadalopez 1 6 437.0 1687.0 1687.0 1687 1470953313 1470955016 undefined
hrmoncadalopez 1 9 267.0 1669.0 1669.0 1669 1470953313 1470954998 undefined
hrmoncadalopez 1 1 435.0 1618.0 1618.0 1617 1470953313 1470954946 undefined
hrmoncadalopez 1 7 431.0 1616.0 1616.0 1616 1470953313 1470954945 undefined
hrmoncadalopez 1 10 441.0 1616.0 1616.0 1616 1470953313 1470954945 undefined
hrmoncadalopez 1 4 270.0 1594.0 1594.0 1594 1470953313 1470954922 undefined
hrmoncadalopez 1 273 531.0 545.0 545.0 545 1470939498 1470946640 undefined
hrmoncadalopez 1 277 307.0 321.0 321.0 321 1470939498 1470946489 undefined
hrmoncadalopez 1 250 691.0 693.0 693.0 693 1470939498 1470946417 undefined
hrmoncadalopez 1 276 230.0 237.0 237.0 237 1470939498 1470946377 undefined
hrmoncadalopez 1 274 227.0 243.0 243.0 242 1470939498 1470946371 undefined
hrmoncadalopez 1 240 833.0 846.0 846.0 846 1470939498 1470946364 undefined
hrmoncadalopez 1 275 193.0 202.0 202.0 202 1470939498 1470946331 undefined
hrmoncadalopez 1 266 305.0 308.0 308.0 308 1470939498 1470946280 undefined
hrmoncadalopez 1 278 55.0 65.0 65.0 65 1470939498 1470946259 undefined
hrmoncadalopez 1 264 275.0 285.0 285.0 284 1470939498 1470946243 undefined
hrmoncadalopez 1 268 175.0 187.0 187.0 187 1470939498 1470946205 undefined
hrmoncadalopez 1 272 123.0 127.0 127.0 127 1470939498 1470946194 undefined
hrmoncadalopez 1 231 816.0 823.0 823.0 823 1470939498 1470946181 undefined
hrmoncadalopez 1 271 114.0 122.0 122.0 122 1470939498 1470946168 undefined
hrmoncadalopez 1 267 117.0 127.0 127.0 127 1470939498 1470946140 undefined
hrmoncadalopez 1 269 84.0 101.0 101.0 101 1470939498 1470946129 undefined
hrmoncadalopez 1 270 86.0 99.0 99.0 99 1470939498 1470946128 undefined
hrmoncadalopez 1 261 191.0 201.0 201.0 201 1470939498 1470946095 undefined
hrmoncadalopez 1 265 93.0 105.0 105.0 105 1470939498 1470946067 undefined
hrmoncadalopez 1 263 105.0 109.0 109.0 109 1470939498 1470946029 undefined
hrmoncadalopez 1 260 152.0 157.0 157.0 157 1470939498 1470946028 undefined
hrmoncadalopez 1 262 116.0 121.0 121.0 121 1470939498 1470946018 undefined
hrmoncadalopez 1 258 145.0 149.0 149.0 149 1470939498 1470946013 undefined
hrmoncadalopez 1 221 818.0 835.0 835.0 835 1470939498 1470945980 undefined
hrmoncadalopez 1 259 95.0 105.0 105.0 105 1470939498 1470945972 undefined
hrmoncadalopez 1 247 306.0 319.0 319.0 319 1470939498 1470945962 undefined
hrmoncadalopez 1 257 99.0 109.0 109.0 108 1470939498 1470945958 undefined
hrmoncadalopez 1 256 100.0 115.0 115.0 115 1470939498 1470945920 undefined
hrmoncadalopez 1 253 144.0 151.0 151.0 151 1470939498 1470945897 undefined
hrmoncadalopez 1 254 133.0 137.0 137.0 137 1470939498 1470945894 undefined
hrmoncadalopez 1 251 123.0 128.0 128.0 128 1470939498 1470945871 undefined
hrmoncadalopez 1 249 136.0 146.0 146.0 146 1470939498 1470945867 undefined
hrmoncadalopez 1 255 87.0 92.0 92.0 92 1470939498 1470945864 undefined
hrmoncadalopez 1 252 98.0 105.0 105.0 105 1470939498 1470945849 undefined
hrmoncadalopez 1 212 807.0 812.0 812.0 812 1470939498 1470945787 undefined
hrmoncadalopez 1 248 110.0 114.0 114.0 114 1470939498 1470945772 undefined
hrmoncadalopez 1 246 112.0 115.0 115.0 115 1470939498 1470945757 undefined
hrmoncadalopez 1 237 296.0 298.0 298.0 298 1470939498 1470945744 undefined
hrmoncadalopez 1 244 131.0 136.0 136.0 136 1470939498 1470945743 undefined
hrmoncadalopez 1 243 144.0 159.0 159.0 159 1470939498 1470945724 undefined
hrmoncadalopez 1 245 82.0 96.0 96.0 96 1470939498 1470945721 undefined
hrmoncadalopez 1 202 831.0 839.0 839.0 839 1470939498 1470945686 undefined
hrmoncadalopez 1 241 119.0 129.0 129.0 129 1470939498 1470945658 undefined
hrmoncadalopez 1 239 135.0 145.0 145.0 145 1470939498 1470945643 undefined
hrmoncadalopez 1 242 98.0 105.0 105.0 105 1470939498 1470945642 undefined
hrmoncadalopez 1 238 133.0 137.0 137.0 137 1470939498 1470945607 undefined
hrmoncadalopez 1 228 303.0 316.0 316.0 316 1470939498 1470945599 undefined
hrmoncadalopez 1 234 144.0 152.0 152.0 152 1470939498 1470945537 undefined
hrmoncadalopez 1 236 110.0 112.0 112.0 112 1470939498 1470945529 undefined
hrmoncadalopez 1 235 117.0 123.0 123.0 123 1470939498 1470945518 undefined
hrmoncadalopez 1 230 171.0 174.0 174.0 174 1470939498 1470945518 undefined
hrmoncadalopez 1 233 102.0 117.0 117.0 117 1470939498 1470945498 undefined
hrmoncadalopez 1 232 100.0 103.0 103.0 103 1470939498 1470945470 undefined
hrmoncadalopez 1 191 744.0 749.0 749.0 749 1470939498 1470945426 undefined
hrmoncadalopez 1 229 123.0 133.0 133.0 133 1470939498 1470945417 undefined
hrmoncadalopez 1 218 303.0 307.0 307.0 306 1470939498 1470945395 undefined
hrmoncadalopez 1 227 112.0 116.0 116.0 116 1470939498 1470945381 undefined
hrmoncadalopez 1 224 156.0 161.0 161.0 161 1470939498 1470945367 undefined
hrmoncadalopez 1 225 121.0 130.0 130.0 130 1470939498 1470945358 undefined
hrmoncadalopez 1 226 83.0 92.0 92.0 92 1470939498 1470945344 undefined
hrmoncadalopez 1 199 508.0 522.0 522.0 522 1470939498 1470945333 undefined
hrmoncadalopez 1 223 67.0 78.0 78.0 78 1470939498 1470945284 undefined
hrmoncadalopez 1 222 119.0 130.0 130.0 130 1470939498 1470945283 undefined
hrmoncadalopez 1 220 138.0 146.0 146.0 146 1470939498 1470945252 undefined
hrmoncadalopez 1 209 308.0 322.0 322.0 322 1470939498 1470945228 undefined
hrmoncadalopez 1 219 108.0 115.0 115.0 115 1470939498 1470945204 undefined
hrmoncadalopez 1 215 141.0 155.0 155.0 155 1470939498 1470945166 undefined
hrmoncadalopez 1 211 187.0 190.0 190.0 190 1470939498 1470945153 undefined
hrmoncadalopez 1 217 96.0 112.0 112.0 112 1470939498 1470945152 undefined
hrmoncadalopez 1 216 119.0 124.0 124.0 124 1470939498 1470945145 undefined
hrmoncadalopez 1 214 107.0 119.0 119.0 119 1470939498 1470945106 undefined
hrmoncadalopez 1 213 90.0 102.0 102.0 102 1470939498 1470945089 undefined
hrmoncadalopez 1 210 122.0 133.0 133.0 133 1470939498 1470945088 undefined
hrmoncadalopez 1 205 151.0 159.0 159.0 159 1470939498 1470945040 undefined
hrmoncadalopez 1 206 121.0 137.0 137.0 137 1470939498 1470945021 undefined
hrmoncadalopez 1 208 105.0 115.0 115.0 115 1470939498 1470945011 undefined
hrmoncadalopez 1 207 83.0 95.0 95.0 95 1470939498 1470944987 undefined
hrmoncadalopez 1 203 116.0 129.0 129.0 129 1470939498 1470944987 undefined
hrmoncadalopez 1 201 142.0 145.0 145.0 145 1470939498 1470944975 undefined
hrmoncadalopez 1 204 98.0 104.0 104.0 104 1470939498 1470944963 undefined
hrmoncadalopez 1 200 123.0 136.0 136.0 136 1470939498 1470944955 undefined
hrmoncadalopez 1 198 91.0 97.0 97.0 97 1470939498 1470944906 undefined
hrmoncadalopez 1 190 226.0 240.0 240.0 240 1470939498 1470944896 undefined
hrmoncadalopez 1 197 134.0 141.0 141.0 141 1470939498 1470944892 undefined
hrmoncadalopez 1 196 146.0 161.0 161.0 161 1470939498 1470944884 undefined
hrmoncadalopez 1 188 229.0 244.0 244.0 244 1470939498 1470944881 undefined
hrmoncadalopez 1 194 139.0 146.0 146.0 145 1470939498 1470944859 undefined
hrmoncadalopez 1 187 229.0 235.0 235.0 235 1470939498 1470944858 undefined
hrmoncadalopez 1 185 225.0 235.0 235.0 235 1470939498 1470944847 undefined
hrmoncadalopez 1 193 119.0 127.0 127.0 127 1470939498 1470944830 undefined
hrmoncadalopez 1 195 94.0 106.0 106.0 106 1470939498 1470944819 undefined
hrmoncadalopez 1 192 110.0 112.0 112.0 112 1470939498 1470944811 undefined
hrmoncadalopez 1 171 429.0 444.0 444.0 443 1470939498 1470944809 undefined
hrmoncadalopez 1 189 89.0 105.0 105.0 105 1470939498 1470944751 undefined
hrmoncadalopez 1 186 105.0 109.0 109.0 109 1470939498 1470944723 undefined
hrmoncadalopez 1 178 219.0 227.0 227.0 227 1470939498 1470944713 undefined
hrmoncadalopez 1 183 128.0 140.0 140.0 140 1470939498 1470944713 undefined
hrmoncadalopez 1 181 176.0 183.0 183.0 183 1470939498 1470944703 undefined
hrmoncadalopez 1 182 149.0 159.0 159.0 159 1470939498 1470944699 undefined
hrmoncadalopez 1 184 86.0 92.0 92.0 92 1470939498 1470944677 undefined
hrmoncadalopez 1 179 134.0 149.0 149.0 148 1470939498 1470944656 undefined
hrmoncadalopez 1 174 183.0 197.0 197.0 197 1470939498 1470944646 undefined
hrmoncadalopez 1 165 345.0 356.0 356.0 356 1470939498 1470944637 undefined
hrmoncadalopez 1 180 94.0 105.0 105.0 105 1470939498 1470944623 undefined
hrmoncadalopez 1 175 143.0 157.0 157.0 157 1470939498 1470944614 undefined
hrmoncadalopez 1 176 124.0 140.0 140.0 140 1470939498 1470944612 undefined
hrmoncadalopez 1 168 237.0 241.0 241.0 241 1470939498 1470944585 undefined
hrmoncadalopez 1 177 87.0 94.0 94.0 94 1470939498 1470944573 undefined
hrmoncadalopez 1 161 296.0 312.0 312.0 312 1470939498 1470944540 undefined
hrmoncadalopez 1 173 110.0 114.0 114.0 114 1470939498 1470944520 undefined
hrmoncadalopez 1 172 140.0 152.0 152.0 152 1470939498 1470944518 undefined
hrmoncadalopez 1 166 203.0 219.0 219.0 219 1470939498 1470944507 undefined
hrmoncadalopez 1 163 232.0 234.0 234.0 234 1470939498 1470944479 undefined
hrmoncadalopez 1 167 157.0 167.0 167.0 167 1470939498 1470944472 undefined
hrmoncadalopez 1 170 84.0 92.0 92.0 92 1470939498 1470944457 undefined
hrmoncadalopez 1 139 880.0 887.0 887.0 887 1470939498 1470944452 undefined
hrmoncadalopez 1 169 86.0 100.0 100.0 100 1470939498 1470944449 undefined
hrmoncadalopez 1 155 335.0 340.0 340.0 340 1470939498 1470944406 undefined
hrmoncadalopez 1 164 87.0 96.0 96.0 96 1470939498 1470944366 undefined
hrmoncadalopez 1 162 100.0 104.0 104.0 104 1470939498 1470944349 undefined
hrmoncadalopez 1 159 193.0 196.0 196.0 196 1470939498 1470944344 undefined
hrmoncadalopez 1 136 814.0 821.0 821.0 821 1470939498 1470944323 undefined
hrmoncadalopez 1 138 750.0 754.0 754.0 754 1470939498 1470944318 undefined
hrmoncadalopez 1 157 201.0 208.0 208.0 208 1470939498 1470944288 undefined
hrmoncadalopez 1 160 84.0 98.0 98.0 98 1470939498 1470944281 undefined
hrmoncadalopez 1 135 766.0 776.0 776.0 776 1470939498 1470944277 undefined
hrmoncadalopez 1 151 321.0 325.0 325.0 325 1470939498 1470944270 undefined
hrmoncadalopez 1 158 102.0 105.0 105.0 105 1470939498 1470944228 undefined
hrmoncadalopez 1 133 751.0 761.0 761.0 761 1470939498 1470944219 undefined
hrmoncadalopez 1 156 104.0 105.0 105.0 105 1470939498 1470944183 undefined
hrmoncadalopez 1 154 141.0 147.0 147.0 147 1470939498 1470944183 undefined
hrmoncadalopez 1 147 307.0 323.0 323.0 323 1470939498 1470944148 undefined
hrmoncadalopez 1 153 149.0 152.0 152.0 152 1470939498 1470944123 undefined
hrmoncadalopez 1 150 125.0 135.0 135.0 135 1470939498 1470944080 undefined
hrmoncadalopez 1 152 105.0 111.0 111.0 111 1470939498 1470944078 undefined
hrmoncadalopez 1 143 320.0 323.0 323.0 323 1470939498 1470944043 undefined
hrmoncadalopez 1 149 141.0 151.0 151.0 151 1470939498 1470944036 undefined
hrmoncadalopez 1 146 130.0 146.0 146.0 146 1470939498 1470943971 undefined
hrmoncadalopez 1 148 98.0 112.0 112.0 111 1470939498 1470943967 undefined
hrmoncadalopez 1 145 116.0 131.0 131.0 131 1470939498 1470943934 undefined
hrmoncadalopez 1 144 109.0 112.0 112.0 112 1470939498 1470943892 undefined
hrmoncadalopez 1 131 428.0 439.0 439.0 439 1470939498 1470943862 undefined
hrmoncadalopez 1 140 256.0 266.0 266.0 265 1470939498 1470943855 undefined
hrmoncadalopez 1 142 143.0 146.0 146.0 146 1470939498 1470943803 undefined
hrmoncadalopez 1 137 265.0 277.0 277.0 277 1470939498 1470943781 undefined
hrmoncadalopez 1 141 139.0 149.0 149.0 149 1470939498 1470943780 undefined
hrmoncadalopez 1 128 426.0 441.0 441.0 441 1470939498 1470943773 undefined
hrmoncadalopez 1 125 427.0 439.0 439.0 439 1470939498 1470943720 undefined
hrmoncadalopez 1 134 167.0 175.0 175.0 175 1470939498 1470943657 undefined
hrmoncadalopez 1 122 427.0 440.0 440.0 439 1470939498 1470943631 undefined
hrmoncadalopez 1 119 431.0 444.0 444.0 444 1470939498 1470943589 undefined
hrmoncadalopez 1 132 122.0 128.0 128.0 128 1470939498 1470943565 undefined
hrmoncadalopez 1 108 689.0 705.0 705.0 705 1470939498 1470943564 undefined
hrmoncadalopez 1 130 109.0 112.0 112.0 112 1470939498 1470943504 undefined
hrmoncadalopez 1 129 114.0 128.0 128.0 128 1470939498 1470943502 undefined
hrmoncadalopez 1 116 438.0 446.0 446.0 446 1470939498 1470943501 undefined
hrmoncadalopez 1 105 679.0 694.0 694.0 694 1470939498 1470943482 undefined
hrmoncadalopez 1 113 427.0 443.0 443.0 443 1470939498 1470943458 undefined
hrmoncadalopez 1 127 99.0 111.0 111.0 111 1470939498 1470943437 undefined
hrmoncadalopez 1 126 116.0 128.0 128.0 128 1470939498 1470943423 undefined
hrmoncadalopez 1 102 661.0 673.0 673.0 673 1470939498 1470943392 undefined
hrmoncadalopez 1 99 686.0 692.0 692.0 692 1470939498 1470943374 undefined
hrmoncadalopez 1 124 102.0 112.0 112.0 112 1470939498 1470943332 undefined
hrmoncadalopez 1 123 122.0 128.0 128.0 128 1470939498 1470943326 undefined
hrmoncadalopez 1 121 107.0 112.0 112.0 112 1470939498 1470943295 undefined
hrmoncadalopez 1 120 119.0 127.0 127.0 127 1470939498 1470943281 undefined
hrmoncadalopez 1 96 652.0 655.0 655.0 655 1470939498 1470943220 undefined
hrmoncadalopez 1 93 679.0 693.0 693.0 693 1470939498 1470943198 undefined
hrmoncadalopez 1 117 120.0 128.0 128.0 128 1470939498 1470943191 undefined
hrmoncadalopez 1 118 99.0 112.0 112.0 112 1470939498 1470943183 undefined
hrmoncadalopez 1 114 127.0 129.0 129.0 129 1470939498 1470943154 undefined
hrmoncadalopez 1 115 106.0 112.0 112.0 112 1470939498 1470943145 undefined
hrmoncadalopez 1 90 679.0 686.0 686.0 686 1470939498 1470943071 undefined
hrmoncadalopez 1 112 100.0 108.0 108.0 108 1470939498 1470943063 undefined
hrmoncadalopez 1 111 99.0 107.0 107.0 107 1470939498 1470943055 undefined
hrmoncadalopez 1 110 95.0 108.0 108.0 108 1470939498 1470943033 undefined
hrmoncadalopez 1 106 212.0 220.0 220.0 220 1470939498 1470943025 undefined
hrmoncadalopez 1 109 113.0 120.0 120.0 120 1470939498 1470943015 undefined
hrmoncadalopez 1 107 106.0 115.0 115.0 114 1470939498 1470942955 undefined
hrmoncadalopez 1 103 200.0 206.0 206.0 206 1470939498 1470942948 undefined
hrmoncadalopez 1 100 203.0 210.0 210.0 209 1470939498 1470942895 undefined
hrmoncadalopez 1 84 614.0 628.0 628.0 628 1470939498 1470942884 undefined
hrmoncadalopez 1 104 112.0 114.0 114.0 114 1470939498 1470942859 undefined
hrmoncadalopez 1 97 212.0 215.0 215.0 215 1470939498 1470942840 undefined
hrmoncadalopez 1 101 92.0 103.0 103.0 103 1470939498 1470942788 undefined
hrmoncadalopez 1 79 593.0 608.0 608.0 608 1470939498 1470942761 undefined
hrmoncadalopez 1 98 107.0 117.0 117.0 117 1470939498 1470942742 undefined
hrmoncadalopez 1 94 200.0 214.0 214.0 214 1470939498 1470942719 undefined
hrmoncadalopez 1 75 610.0 624.0 624.0 624 1470939498 1470942706 undefined
hrmoncadalopez 1 95 113.0 118.0 118.0 118 1470939498 1470942682 undefined
hrmoncadalopez 1 91 208.0 219.0 219.0 219 1470939498 1470942658 undefined
hrmoncadalopez 1 70 608.0 614.0 614.0 614 1470939498 1470942648 undefined
hrmoncadalopez 1 66 633.0 639.0 639.0 639 1470939498 1470942586 undefined
hrmoncadalopez 1 88 213.0 229.0 229.0 229 1470939498 1470942581 undefined
hrmoncadalopez 1 92 112.0 118.0 118.0 118 1470939498 1470942564 undefined
hrmoncadalopez 1 87 167.0 173.0 173.0 172 1470939498 1470942503 undefined
hrmoncadalopez 1 89 111.0 116.0 116.0 116 1470939498 1470942499 undefined
hrmoncadalopez 1 61 589.0 596.0 596.0 596 1470939498 1470942470 undefined
hrmoncadalopez 1 86 120.0 122.0 122.0 122 1470939498 1470942439 undefined
hrmoncadalopez 1 83 174.0 185.0 185.0 185 1470939498 1470942419 undefined
hrmoncadalopez 1 85 96.0 104.0 104.0 104 1470939498 1470942383 undefined
hrmoncadalopez 1 80 148.0 160.0 160.0 160 1470939498 1470942371 undefined
hrmoncadalopez 1 82 124.0 136.0 136.0 136 1470939498 1470942352 undefined
hrmoncadalopez 1 78 165.0 177.0 177.0 177 1470939498 1470942330 undefined
hrmoncadalopez 1 81 88.0 103.0 103.0 103 1470939498 1470942317 undefined
hrmoncadalopez 1 77 122.0 132.0 132.0 132 1470939498 1470942279 undefined
hrmoncadalopez 1 74 165.0 182.0 182.0 181 1470939498 1470942256 undefined
hrmoncadalopez 1 76 100.0 106.0 106.0 106 1470939498 1470942234 undefined
hrmoncadalopez 1 69 174.0 186.0 186.0 186 1470939498 1470942216 undefined
hrmoncadalopez 1 73 134.0 141.0 141.0 141 1470939498 1470942214 undefined
hrmoncadalopez 1 71 148.0 165.0 165.0 165 1470939498 1470942211 undefined
hrmoncadalopez 1 68 125.0 134.0 134.0 134 1470939498 1470942153 undefined
hrmoncadalopez 1 72 99.0 101.0 101.0 101 1470939498 1470942153 undefined
hrmoncadalopez 1 51 430.0 443.0 443.0 443 1470939498 1470942147 undefined
hrmoncadalopez 1 65 176.0 183.0 183.0 183 1470939498 1470942128 undefined
hrmoncadalopez 1 62 155.0 161.0 161.0 161 1470939498 1470942082 undefined
hrmoncadalopez 1 64 117.0 132.0 132.0 132 1470939498 1470942074 undefined
hrmoncadalopez 1 67 99.0 111.0 111.0 111 1470939498 1470942073 undefined
hrmoncadalopez 1 56 265.0 273.0 273.0 273 1470939498 1470942052 undefined
hrmoncadalopez 1 59 188.0 202.0 202.0 202 1470939498 1470942046 undefined
hrmoncadalopez 1 63 100.0 105.0 105.0 105 1470939498 1470942034 undefined
hrmoncadalopez 1 60 154.0 160.0 160.0 160 1470939498 1470942030 undefined
hrmoncadalopez 1 44 422.0 432.0 432.0 432 1470939498 1470942019 undefined
hrmoncadalopez 1 57 116.0 128.0 128.0 127 1470939498 1470941962 undefined
hrmoncadalopez 1 38 432.0 445.0 445.0 445 1470939498 1470941947 undefined
hrmoncadalopez 1 58 96.0 101.0 101.0 101 1470939498 1470941945 undefined
hrmoncadalopez 1 49 271.0 277.0 277.0 277 1470939498 1470941942 undefined
hrmoncadalopez 1 54 172.0 182.0 182.0 182 1470939498 1470941929 undefined
hrmoncadalopez 1 55 143.0 154.0 154.0 154 1470939498 1470941921 undefined
hrmoncadalopez 1 53 136.0 146.0 146.0 146 1470939498 1470941874 undefined
hrmoncadalopez 1 48 213.0 230.0 230.0 230 1470939498 1470941870 undefined
hrmoncadalopez 1 52 124.0 133.0 133.0 133 1470939498 1470941844 undefined
hrmoncadalopez 1 42 294.0 310.0 310.0 310 1470939498 1470941844 undefined
hrmoncadalopez 1 50 119.0 134.0 134.0 134 1470939498 1470941834 undefined
hrmoncadalopez 1 47 144.0 152.0 152.0 152 1470939498 1470941779 undefined
hrmoncadalopez 1 46 134.0 141.0 141.0 141 1470939498 1470941767 undefined
hrmoncadalopez 1 35 296.0 304.0 304.0 304 1470939498 1470941747 undefined
hrmoncadalopez 1 45 112.0 126.0 126.0 126 1470939498 1470941728 undefined
hrmoncadalopez 1 41 173.0 182.0 182.0 182 1470939498 1470941711 undefined
hrmoncadalopez 1 43 139.0 150.0 150.0 149 1470939498 1470941704 undefined
hrmoncadalopez 1 32 306.0 320.0 320.0 320 1470939498 1470941700 undefined
hrmoncadalopez 1 40 140.0 151.0 151.0 151 1470939498 1470941665 undefined
hrmoncadalopez 1 39 128.0 133.0 133.0 133 1470939498 1470941640 undefined
hrmoncadalopez 1 30 305.0 307.0 307.0 307 1470939498 1470941627 undefined
hrmoncadalopez 1 27 306.0 322.0 322.0 322 1470939498 1470941626 undefined
hrmoncadalopez 1 37 123.0 130.0 130.0 130 1470939498 1470941602 undefined
hrmoncadalopez 1 36 126.0 139.0 139.0 139 1470939498 1470941587 undefined
hrmoncadalopez 1 25 304.0 308.0 308.0 308 1470939498 1470941554 undefined
hrmoncadalopez 1 33 121.0 134.0 134.0 134 1470939498 1470941534 undefined
hrmoncadalopez 1 34 119.0 129.0 129.0 129 1470939498 1470941529 undefined
hrmoncadalopez 1 31 128.0 138.0 138.0 138 1470939498 1470941514 undefined
hrmoncadalopez 1 22 315.0 321.0 321.0 321 1470939498 1470941507 undefined
hrmoncadalopez 1 17 317.0 319.0 319.0 319 1470939498 1470941502 undefined
hrmoncadalopez 1 20 267.0 286.0 286.0 285 1470939498 1470941472 undefined
hrmoncadalopez 1 28 129.0 135.0 135.0 135 1470939498 1470941448 undefined
hrmoncadalopez 1 29 124.0 129.0 129.0 129 1470939498 1470941443 undefined
hrmoncadalopez 1 15 256.0 275.0 275.0 275 1470939498 1470941400 undefined
hrmoncadalopez 1 26 124.0 138.0 138.0 138 1470939498 1470941400 undefined
hrmoncadalopez 1 23 124.0 134.0 134.0 133 1470939498 1470941380 undefined
hrmoncadalopez 1 24 123.0 130.0 130.0 130 1470939498 1470941376 undefined
hrmoncadalopez 1 18 120.0 135.0 135.0 135 1470939498 1470941320 undefined
hrmoncadalopez 1 19 126.0 129.0 129.0 129 1470939498 1470941314 undefined
hrmoncadalopez 1 16 125.0 134.0 134.0 134 1470939498 1470941313 undefined
hrmoncadalopez 1 21 104.0 118.0 118.0 118 1470939498 1470941304 undefined
hrmoncadalopez 1 14 98.0 137.0 137.0 136 1470939498 1470941262 undefined
hrmoncadalopez 1 2 316.0 1693.0 1693.0 1693 1470939498 1470941197 undefined
hrmoncadalopez 1 5 304.0 1693.0 1693.0 1692 1470939498 1470941197 undefined
hrmoncadalopez 1 0 325.0 1692.0 1692.0 1692 1470939498 1470941195 undefined
hrmoncadalopez 1 12 211.0 238.0 238.0 238 1470939498 1470941183 undefined
hrmoncadalopez 1 13 80.0 114.0 114.0 114 1470939498 1470941179 undefined
hrmoncadalopez 1 10 298.0 1660.0 1660.0 1660 1470939498 1470941164 undefined
hrmoncadalopez 1 7 310.0 1658.0 1658.0 1658 1470939498 1470941162 undefined
hrmoncadalopez 1 3 188.0 1650.0 1650.0 1650 1470939498 1470941154 undefined
hrmoncadalopez 1 9 182.0 1649.0 1649.0 1649 1470939498 1470941153 undefined
hrmoncadalopez 1 8 172.0 1639.0 1639.0 1639 1470939498 1470941143 undefined
hrmoncadalopez 1 11 177.0 1580.0 1580.0 1580 1470939498 1470941084 undefined
hrmoncadalopez 1 6 190.0 1579.0 1579.0 1579 1470939498 1470941083 undefined
hrmoncadalopez 1 4 165.0 1538.0 1538.0 1538 1470939498 1470941042 undefined
hrmoncadalopez 1 1 173.0 1423.0 1423.0 1423 1470939498 1470940926 undefined
hrmoncadalopez 1 547 432.0 448.0 448.0 448 1470871774 1470879705 undefined
hrmoncadalopez 1 554 239.0 254.0 254.0 254 1470871774 1470879607 undefined
hrmoncadalopez 1 501 707.0 718.0 718.0 718 1470871774 1470879542 undefined
hrmoncadalopez 1 552 212.0 215.0 215.0 215 1470871774 1470879538 undefined
hrmoncadalopez 1 548 190.0 194.0 194.0 194 1470871774 1470879471 undefined
hrmoncadalopez 1 550 160.0 165.0 165.0 165 1470871774 1470879469 undefined
hrmoncadalopez 1 555 66.0 72.0 72.0 72 1470871774 1470879455 undefined
hrmoncadalopez 1 556 43.0 48.0 48.0 48 1470871774 1470879447 undefined
hrmoncadalopez 1 549 137.0 142.0 142.0 142 1470871774 1470879436 undefined
hrmoncadalopez 1 533 288.0 291.0 291.0 291 1470871774 1470879432 undefined
hrmoncadalopez 1 553 69.0 83.0 83.0 83 1470871774 1470879412 undefined
hrmoncadalopez 1 557 0.0 0.0 0.0 0 1470871774 1470879407 undefined
hrmoncadalopez 1 481 808.0 817.0 817.0 817 1470871774 1470879407 undefined
hrmoncadalopez 1 551 76.0 78.0 78.0 78 1470871774 1470879399 undefined
hrmoncadalopez 1 546 119.0 129.0 129.0 129 1470871774 1470879383 undefined
hrmoncadalopez 1 529 225.0 241.0 241.0 241 1470871774 1470879353 undefined
hrmoncadalopez 1 544 78.0 85.0 85.0 85 1470871774 1470879329 undefined
hrmoncadalopez 1 543 70.0 83.0 83.0 82 1470871774 1470879323 undefined
hrmoncadalopez 1 545 57.0 72.0 72.0 72 1470871774 1470879321 undefined
hrmoncadalopez 1 536 132.0 138.0 138.0 138 1470871774 1470879304 undefined
hrmoncadalopez 1 542 55.0 69.0 69.0 69 1470871774 1470879294 undefined
hrmoncadalopez 1 541 55.0 63.0 63.0 63 1470871774 1470879277 undefined
hrmoncadalopez 1 537 83.0 86.0 86.0 86 1470871774 1470879257 undefined
hrmoncadalopez 1 540 45.0 60.0 60.0 60 1470871774 1470879254 undefined
hrmoncadalopez 1 539 60.0 63.0 63.0 63 1470871774 1470879249 undefined
hrmoncadalopez 1 535 79.0 91.0 91.0 91 1470871774 1470879244 undefined
hrmoncadalopez 1 538 55.0 60.0 60.0 60 1470871774 1470879240 undefined
hrmoncadalopez 1 523 170.0 175.0 175.0 175 1470871774 1470879225 undefined
hrmoncadalopez 1 534 59.0 64.0 64.0 64 1470871774 1470879214 undefined
hrmoncadalopez 1 532 45.0 60.0 60.0 60 1470871774 1470879194 undefined
hrmoncadalopez 1 530 59.0 73.0 73.0 73 1470871774 1470879186 undefined
hrmoncadalopez 1 528 76.0 81.0 81.0 81 1470871774 1470879180 undefined
hrmoncadalopez 1 531 43.0 49.0 49.0 49 1470871774 1470879171 undefined
hrmoncadalopez 1 527 57.0 68.0 68.0 68 1470871774 1470879153 undefined
hrmoncadalopez 1 526 52.0 68.0 68.0 68 1470871774 1470879150 undefined
hrmoncadalopez 1 520 110.0 121.0 121.0 121 1470871774 1470879141 undefined
hrmoncadalopez 1 525 78.0 79.0 79.0 79 1470871774 1470879134 undefined
hrmoncadalopez 1 462 737.0 751.0 751.0 751 1470871774 1470879134 undefined
hrmoncadalopez 1 524 67.0 70.0 70.0 70 1470871774 1470879122 undefined
hrmoncadalopez 1 517 115.0 117.0 117.0 117 1470871774 1470879113 undefined
hrmoncadalopez 1 522 47.0 63.0 63.0 63 1470871774 1470879112 undefined
hrmoncadalopez 1 521 56.0 70.0 70.0 70 1470871774 1470879099 undefined
hrmoncadalopez 1 518 65.0 69.0 69.0 69 1470871774 1470879085 undefined
hrmoncadalopez 1 519 54.0 62.0 62.0 62 1470871774 1470879082 undefined
hrmoncadalopez 1 495 280.0 285.0 285.0 285 1470871774 1470879055 undefined
hrmoncadalopez 1 516 54.0 63.0 63.0 63 1470871774 1470879052 undefined
hrmoncadalopez 1 515 54.0 64.0 64.0 64 1470871774 1470879050 undefined
hrmoncadalopez 1 514 54.0 67.0 67.0 67 1470871774 1470879049 undefined
hrmoncadalopez 1 513 52.0 56.0 56.0 56 1470871774 1470879029 undefined
hrmoncadalopez 1 512 68.0 78.0 78.0 78 1470871774 1470879020 undefined
hrmoncadalopez 1 507 105.0 111.0 111.0 111 1470871774 1470879020 undefined
hrmoncadalopez 1 509 79.0 89.0 89.0 89 1470871774 1470879016 undefined
hrmoncadalopez 1 508 71.0 77.0 77.0 77 1470871774 1470878996 undefined
hrmoncadalopez 1 510 55.0 60.0 60.0 60 1470871774 1470878989 undefined
hrmoncadalopez 1 506 71.0 77.0 77.0 77 1470871774 1470878982 undefined
hrmoncadalopez 1 511 34.0 42.0 42.0 41 1470871774 1470878973 undefined
hrmoncadalopez 1 505 57.0 65.0 65.0 65 1470871774 1470878942 undefined
hrmoncadalopez 1 443 752.0 756.0 756.0 756 1470871774 1470878931 undefined
hrmoncadalopez 1 504 53.0 65.0 65.0 64 1470871774 1470878931 undefined
hrmoncadalopez 1 502 87.0 92.0 92.0 92 1470871774 1470878929 undefined
hrmoncadalopez 1 500 101.0 104.0 104.0 104 1470871774 1470878919 undefined
hrmoncadalopez 1 499 87.0 103.0 103.0 103 1470871774 1470878909 undefined
hrmoncadalopez 1 503 59.0 63.0 63.0 63 1470871774 1470878905 undefined
hrmoncadalopez 1 498 67.0 71.0 71.0 71 1470871774 1470878877 undefined
hrmoncadalopez 1 497 87.0 89.0 89.0 89 1470871774 1470878873 undefined
hrmoncadalopez 1 496 71.0 72.0 72.0 72 1470871774 1470878842 undefined
hrmoncadalopez 1 494 71.0 75.0 75.0 75 1470871774 1470878837 undefined
hrmoncadalopez 1 475 277.0 284.0 284.0 284 1470871774 1470878835 undefined
hrmoncadalopez 1 492 67.0 78.0 78.0 78 1470871774 1470878824 undefined
hrmoncadalopez 1 493 58.0 63.0 63.0 63 1470871774 1470878815 undefined
hrmoncadalopez 1 491 57.0 60.0 60.0 60 1470871774 1470878806 undefined
hrmoncadalopez 1 487 97.0 110.0 110.0 110 1470871774 1470878796 undefined
hrmoncadalopez 1 489 80.0 83.0 83.0 83 1470871774 1470878784 undefined
hrmoncadalopez 1 490 56.0 60.0 60.0 60 1470871774 1470878770 undefined
hrmoncadalopez 1 488 67.0 76.0 76.0 76 1470871774 1470878770 undefined
hrmoncadalopez 1 486 72.0 76.0 76.0 76 1470871774 1470878762 undefined
hrmoncadalopez 1 485 59.0 66.0 66.0 66 1470871774 1470878752 undefined
hrmoncadalopez 1 424 725.0 739.0 739.0 739 1470871774 1470878734 undefined
hrmoncadalopez 1 484 58.0 63.0 63.0 63 1470871774 1470878710 undefined
hrmoncadalopez 1 480 111.0 120.0 120.0 120 1470871774 1470878707 undefined
hrmoncadalopez 1 483 57.0 67.0 67.0 66 1470871774 1470878701 undefined
hrmoncadalopez 1 482 59.0 68.0 68.0 68 1470871774 1470878694 undefined
hrmoncadalopez 1 479 93.0 102.0 102.0 102 1470871774 1470878686 undefined
hrmoncadalopez 1 478 53.0 67.0 67.0 67 1470871774 1470878651 undefined
hrmoncadalopez 1 477 79.0 81.0 81.0 81 1470871774 1470878647 undefined
hrmoncadalopez 1 476 69.0 72.0 72.0 72 1470871774 1470878634 undefined
hrmoncadalopez 1 456 280.0 281.0 281.0 281 1470871774 1470878632 undefined
hrmoncadalopez 1 474 60.0 63.0 63.0 63 1470871774 1470878590 undefined
hrmoncadalopez 1 468 107.0 111.0 111.0 111 1470871774 1470878587 undefined
hrmoncadalopez 1 405 756.0 768.0 768.0 768 1470871774 1470878584 undefined
hrmoncadalopez 1 473 69.0 75.0 75.0 75 1470871774 1470878584 undefined
hrmoncadalopez 1 470 88.0 90.0 90.0 90 1470871774 1470878579 undefined
hrmoncadalopez 1 472 54.0 59.0 59.0 59 1470871774 1470878566 undefined
hrmoncadalopez 1 469 71.0 77.0 77.0 77 1470871774 1470878562 undefined
hrmoncadalopez 1 471 53.0 61.0 61.0 61 1470871774 1470878551 undefined
hrmoncadalopez 1 467 66.0 81.0 81.0 81 1470871774 1470878527 undefined
hrmoncadalopez 1 466 61.0 67.0 67.0 67 1470871774 1470878509 undefined
hrmoncadalopez 1 463 84.0 91.0 91.0 91 1470871774 1470878491 undefined
hrmoncadalopez 1 461 102.0 109.0 109.0 109 1470871774 1470878490 undefined
hrmoncadalopez 1 465 49.0 63.0 63.0 63 1470871774 1470878489 undefined
hrmoncadalopez 1 464 63.0 68.0 68.0 68 1470871774 1470878485 undefined
hrmoncadalopez 1 460 97.0 102.0 102.0 102 1470871774 1470878476 undefined
hrmoncadalopez 1 458 73.0 88.0 88.0 88 1470871774 1470878442 undefined
hrmoncadalopez 1 459 56.0 70.0 70.0 70 1470871774 1470878426 undefined
hrmoncadalopez 1 457 70.0 72.0 72.0 72 1470871774 1470878425 undefined
hrmoncadalopez 1 437 270.0 282.0 282.0 282 1470871774 1470878417 undefined
hrmoncadalopez 1 455 55.0 64.0 64.0 64 1470871774 1470878400 undefined
hrmoncadalopez 1 454 77.0 79.0 79.0 79 1470871774 1470878383 undefined
hrmoncadalopez 1 449 106.0 110.0 110.0 110 1470871774 1470878381 undefined
hrmoncadalopez 1 451 82.0 90.0 90.0 90 1470871774 1470878374 undefined
hrmoncadalopez 1 450 75.0 78.0 78.0 78 1470871774 1470878356 undefined
hrmoncadalopez 1 453 58.0 61.0 61.0 61 1470871774 1470878354 undefined
hrmoncadalopez 1 383 733.0 738.0 738.0 738 1470871774 1470878353 undefined
hrmoncadalopez 1 452 56.0 61.0 61.0 61 1470871774 1470878351 undefined
hrmoncadalopez 1 448 77.0 81.0 81.0 81 1470871774 1470878336 undefined
hrmoncadalopez 1 447 55.0 67.0 67.0 67 1470871774 1470878304 undefined
hrmoncadalopez 1 442 117.0 120.0 120.0 120 1470871774 1470878293 undefined
hrmoncadalopez 1 446 59.0 63.0 63.0 63 1470871774 1470878290 undefined
hrmoncadalopez 1 445 60.0 67.0 67.0 67 1470871774 1470878284 undefined
hrmoncadalopez 1 444 89.0 92.0 92.0 92 1470871774 1470878278 undefined
hrmoncadalopez 1 441 89.0 102.0 102.0 102 1470871774 1470878271 undefined
hrmoncadalopez 1 439 75.0 90.0 90.0 90 1470871774 1470878255 undefined
hrmoncadalopez 1 440 64.0 70.0 70.0 70 1470871774 1470878237 undefined
hrmoncadalopez 1 438 57.0 73.0 73.0 73 1470871774 1470878227 undefined
hrmoncadalopez 1 418 280.0 282.0 282.0 282 1470871774 1470878217 undefined
hrmoncadalopez 1 435 64.0 78.0 78.0 78 1470871774 1470878186 undefined
hrmoncadalopez 1 432 82.0 89.0 89.0 89 1470871774 1470878175 undefined
hrmoncadalopez 1 436 61.0 63.0 63.0 63 1470871774 1470878173 undefined
hrmoncadalopez 1 430 107.0 110.0 110.0 110 1470871774 1470878169 undefined
hrmoncadalopez 1 434 49.0 60.0 60.0 60 1470871774 1470878167 undefined
hrmoncadalopez 1 433 49.0 61.0 61.0 60 1470871774 1470878165 undefined
hrmoncadalopez 1 431 73.0 76.0 76.0 76 1470871774 1470878154 undefined
hrmoncadalopez 1 429 66.0 80.0 80.0 80 1470871774 1470878135 undefined
hrmoncadalopez 1 428 64.0 67.0 67.0 67 1470871774 1470878110 undefined
hrmoncadalopez 1 426 65.0 67.0 67.0 67 1470871774 1470878108 undefined
hrmoncadalopez 1 427 52.0 64.0 64.0 64 1470871774 1470878107 undefined
hrmoncadalopez 1 423 107.0 121.0 121.0 121 1470871774 1470878104 undefined
hrmoncadalopez 1 425 81.0 90.0 90.0 90 1470871774 1470878086 undefined
hrmoncadalopez 1 422 100.0 102.0 102.0 102 1470871774 1470878078 undefined
hrmoncadalopez 1 420 77.0 89.0 89.0 89 1470871774 1470878059 undefined
hrmoncadalopez 1 398 287.0 297.0 297.0 297 1470871774 1470878055 undefined
hrmoncadalopez 1 421 68.0 71.0 71.0 71 1470871774 1470878043 undefined
hrmoncadalopez 1 399 280.0 283.0 283.0 283 1470871774 1470878043 undefined
hrmoncadalopez 1 419 68.0 73.0 73.0 73 1470871774 1470878041 undefined
hrmoncadalopez 1 413 83.0 92.0 92.0 92 1470871774 1470877996 undefined
hrmoncadalopez 1 416 69.0 78.0 78.0 78 1470871774 1470877995 undefined
hrmoncadalopez 1 417 55.0 63.0 63.0 63 1470871774 1470877983 undefined
hrmoncadalopez 1 411 105.0 111.0 111.0 111 1470871774 1470877976 undefined
hrmoncadalopez 1 412 71.0 77.0 77.0 77 1470871774 1470877972 undefined
hrmoncadalopez 1 415 46.0 59.0 59.0 59 1470871774 1470877970 undefined
hrmoncadalopez 1 414 54.0 61.0 61.0 61 1470871774 1470877968 undefined
hrmoncadalopez 1 410 75.0 79.0 79.0 79 1470871774 1470877935 undefined
hrmoncadalopez 1 404 116.0 120.0 120.0 119 1470871774 1470877920 undefined
hrmoncadalopez 1 409 61.0 67.0 67.0 67 1470871774 1470877917 undefined
hrmoncadalopez 1 406 83.0 91.0 91.0 91 1470871774 1470877911 undefined
hrmoncadalopez 1 408 58.0 64.0 64.0 64 1470871774 1470877907 undefined
hrmoncadalopez 1 407 60.0 68.0 68.0 68 1470871774 1470877904 undefined
hrmoncadalopez 1 403 92.0 102.0 102.0 102 1470871774 1470877895 undefined
hrmoncadalopez 1 401 75.0 89.0 89.0 89 1470871774 1470877865 undefined
hrmoncadalopez 1 402 57.0 72.0 72.0 72 1470871774 1470877856 undefined
hrmoncadalopez 1 395 86.0 101.0 101.0 101 1470871774 1470877850 undefined
hrmoncadalopez 1 400 71.0 73.0 73.0 73 1470871774 1470877843 undefined
hrmoncadalopez 1 393 101.0 116.0 116.0 116 1470871774 1470877836 undefined
hrmoncadalopez 1 397 60.0 65.0 65.0 65 1470871774 1470877820 undefined
hrmoncadalopez 1 396 52.0 61.0 61.0 61 1470871774 1470877816 undefined
hrmoncadalopez 1 380 187.0 197.0 197.0 197 1470871774 1470877800 undefined
hrmoncadalopez 1 394 62.0 71.0 71.0 71 1470871774 1470877793 undefined
hrmoncadalopez 1 377 201.0 204.0 204.0 204 1470871774 1470877784 undefined
hrmoncadalopez 1 392 58.0 74.0 74.0 74 1470871774 1470877776 undefined
hrmoncadalopez 1 388 98.0 103.0 103.0 103 1470871774 1470877770 undefined
hrmoncadalopez 1 375 175.0 186.0 186.0 186 1470871774 1470877760 undefined
hrmoncadalopez 1 391 55.0 65.0 65.0 65 1470871774 1470877758 undefined
hrmoncadalopez 1 389 74.0 75.0 75.0 75 1470871774 1470877755 undefined
hrmoncadalopez 1 390 59.0 67.0 67.0 67 1470871774 1470877755 undefined
hrmoncadalopez 1 387 82.0 85.0 85.0 85 1470871774 1470877749 undefined
hrmoncadalopez 1 386 51.0 68.0 68.0 68 1470871774 1470877722 undefined
hrmoncadalopez 1 385 65.0 68.0 68.0 68 1470871774 1470877720 undefined
hrmoncadalopez 1 371 172.0 174.0 174.0 174 1470871774 1470877702 undefined
hrmoncadalopez 1 381 80.0 88.0 88.0 88 1470871774 1470877693 undefined
hrmoncadalopez 1 384 70.0 71.0 71.0 71 1470871774 1470877688 undefined
hrmoncadalopez 1 382 64.0 72.0 72.0 72 1470871774 1470877680 undefined
hrmoncadalopez 1 379 61.0 67.0 67.0 67 1470871774 1470877667 undefined
hrmoncadalopez 1 378 56.0 65.0 65.0 65 1470871774 1470877664 undefined
hrmoncadalopez 1 376 69.0 77.0 77.0 77 1470871774 1470877654 undefined
hrmoncadalopez 1 374 81.0 91.0 91.0 91 1470871774 1470877652 undefined
hrmoncadalopez 1 373 68.0 72.0 72.0 72 1470871774 1470877617 undefined
hrmoncadalopez 1 343 343.0 347.0 347.0 347 1470871774 1470877615 undefined
hrmoncadalopez 1 372 51.0 63.0 63.0 63 1470871774 1470877608 undefined
hrmoncadalopez 1 363 144.0 157.0 157.0 157 1470871774 1470877603 undefined
hrmoncadalopez 1 366 81.0 96.0 96.0 96 1470871774 1470877600 undefined
hrmoncadalopez 1 370 69.0 73.0 73.0 73 1470871774 1470877599 undefined
hrmoncadalopez 1 356 147.0 155.0 155.0 155 1470871774 1470877580 undefined
hrmoncadalopez 1 367 68.0 71.0 71.0 71 1470871774 1470877577 undefined
hrmoncadalopez 1 369 55.0 60.0 60.0 60 1470871774 1470877574 undefined
hrmoncadalopez 1 368 40.0 50.0 50.0 50 1470871774 1470877561 undefined
hrmoncadalopez 1 364 97.0 104.0 104.0 104 1470871774 1470877557 undefined
hrmoncadalopez 1 365 59.0 69.0 69.0 69 1470871774 1470877530 undefined
hrmoncadalopez 1 357 100.0 103.0 103.0 103 1470871774 1470877528 undefined
hrmoncadalopez 1 359 93.0 98.0 98.0 98 1470871774 1470877526 undefined
hrmoncadalopez 1 360 68.0 71.0 71.0 71 1470871774 1470877514 undefined
hrmoncadalopez 1 349 147.0 155.0 155.0 155 1470871774 1470877511 undefined
hrmoncadalopez 1 362 58.0 65.0 65.0 65 1470871774 1470877511 undefined
hrmoncadalopez 1 358 78.0 81.0 81.0 81 1470871774 1470877506 undefined
hrmoncadalopez 1 361 51.0 60.0 60.0 60 1470871774 1470877504 undefined
hrmoncadalopez 1 330 291.0 306.0 306.0 306 1470871774 1470877461 undefined
hrmoncadalopez 1 355 52.0 59.0 59.0 59 1470871774 1470877453 undefined
hrmoncadalopez 1 354 43.0 58.0 58.0 58 1470871774 1470877446 undefined
hrmoncadalopez 1 351 67.0 82.0 82.0 82 1470871774 1470877446 undefined
hrmoncadalopez 1 352 77.0 79.0 79.0 79 1470871774 1470877444 undefined
hrmoncadalopez 1 350 72.0 80.0 80.0 79 1470871774 1470877443 undefined
hrmoncadalopez 1 353 52.0 56.0 56.0 56 1470871774 1470877428 undefined
hrmoncadalopez 1 342 128.0 136.0 136.0 136 1470871774 1470877394 undefined
hrmoncadalopez 1 347 73.0 75.0 75.0 75 1470871774 1470877388 undefined
hrmoncadalopez 1 337 174.0 184.0 184.0 184 1470871774 1470877385 undefined
hrmoncadalopez 1 345 75.0 84.0 84.0 84 1470871774 1470877373 undefined
hrmoncadalopez 1 348 57.0 59.0 59.0 59 1470871774 1470877372 undefined
hrmoncadalopez 1 344 81.0 89.0 89.0 89 1470871774 1470877364 undefined
hrmoncadalopez 1 346 58.0 61.0 61.0 61 1470871774 1470877363 undefined
hrmoncadalopez 1 322 285.0 291.0 291.0 291 1470871774 1470877361 undefined
hrmoncadalopez 1 333 171.0 186.0 186.0 186 1470871774 1470877356 undefined
hrmoncadalopez 1 341 66.0 67.0 67.0 67 1470871774 1470877313 undefined
hrmoncadalopez 1 340 64.0 67.0 67.0 67 1470871774 1470877313 undefined
hrmoncadalopez 1 334 113.0 116.0 116.0 116 1470871774 1470877302 undefined
hrmoncadalopez 1 339 54.0 66.0 66.0 65 1470871774 1470877300 undefined
hrmoncadalopez 1 338 64.0 70.0 70.0 70 1470871774 1470877289 undefined
hrmoncadalopez 1 326 166.0 175.0 175.0 175 1470871774 1470877275 undefined
hrmoncadalopez 1 335 80.0 83.0 83.0 83 1470871774 1470877268 undefined
hrmoncadalopez 1 336 64.0 72.0 72.0 72 1470871774 1470877258 undefined
hrmoncadalopez 1 331 64.0 79.0 79.0 79 1470871774 1470877236 undefined
hrmoncadalopez 1 332 67.0 77.0 77.0 77 1470871774 1470877234 undefined
hrmoncadalopez 1 310 287.0 298.0 298.0 298 1470871774 1470877219 undefined
hrmoncadalopez 1 318 174.0 182.0 182.0 182 1470871774 1470877201 undefined
hrmoncadalopez 1 327 78.0 82.0 82.0 82 1470871774 1470877194 undefined
hrmoncadalopez 1 328 52.0 63.0 63.0 63 1470871774 1470877186 undefined
hrmoncadalopez 1 329 34.0 43.0 43.0 43 1470871774 1470877170 undefined
hrmoncadalopez 1 324 69.0 77.0 77.0 77 1470871774 1470877157 undefined
hrmoncadalopez 1 323 71.0 84.0 84.0 84 1470871774 1470877157 undefined
hrmoncadalopez 1 315 144.0 154.0 154.0 154 1470871774 1470877155 undefined
hrmoncadalopez 1 325 54.0 68.0 68.0 68 1470871774 1470877148 undefined
hrmoncadalopez 1 279 713.0 723.0 723.0 723 1470871774 1470877139 undefined
hrmoncadalopez 1 321 51.0 62.0 62.0 62 1470871774 1470877127 undefined
hrmoncadalopez 1 319 74.0 83.0 83.0 83 1470871774 1470877123 undefined
hrmoncadalopez 1 320 52.0 65.0 65.0 65 1470871774 1470877112 undefined
hrmoncadalopez 1 276 723.0 737.0 737.0 737 1470871774 1470877100 undefined
hrmoncadalopez 1 317 68.0 70.0 70.0 70 1470871774 1470877080 undefined
hrmoncadalopez 1 314 88.0 95.0 95.0 95 1470871774 1470877080 undefined
hrmoncadalopez 1 273 737.0 742.0 742.0 742 1470871774 1470877073 undefined
hrmoncadalopez 1 316 53.0 68.0 68.0 68 1470871774 1470877070 undefined
hrmoncadalopez 1 312 62.0 69.0 69.0 69 1470871774 1470877047 undefined
hrmoncadalopez 1 313 47.0 62.0 62.0 62 1470871774 1470877040 undefined
hrmoncadalopez 1 270 724.0 740.0 740.0 740 1470871774 1470877026 undefined
hrmoncadalopez 1 303 195.0 201.0 201.0 201 1470871774 1470877019 undefined
hrmoncadalopez 1 311 57.0 69.0 69.0 69 1470871774 1470877010 undefined
hrmoncadalopez 1 267 732.0 740.0 740.0 740 1470871774 1470877002 undefined
hrmoncadalopez 1 309 80.0 85.0 85.0 85 1470871774 1470877001 undefined
hrmoncadalopez 1 302 175.0 177.0 177.0 177 1470871774 1470876985 undefined
hrmoncadalopez 1 307 105.0 107.0 107.0 107 1470871774 1470876978 undefined
hrmoncadalopez 1 308 79.0 93.0 93.0 93 1470871774 1470876978 undefined
hrmoncadalopez 1 306 72.0 74.0 74.0 74 1470871774 1470876941 undefined
hrmoncadalopez 1 305 56.0 68.0 68.0 68 1470871774 1470876921 undefined
hrmoncadalopez 1 304 60.0 70.0 70.0 70 1470871774 1470876916 undefined
hrmoncadalopez 1 295 191.0 202.0 202.0 202 1470871774 1470876885 undefined
hrmoncadalopez 1 301 74.0 85.0 85.0 85 1470871774 1470876871 undefined
hrmoncadalopez 1 300 88.0 92.0 92.0 92 1470871774 1470876867 undefined
hrmoncadalopez 1 299 103.0 108.0 108.0 107 1470871774 1470876853 undefined
hrmoncadalopez 1 294 162.0 179.0 179.0 178 1470871774 1470876846 undefined
hrmoncadalopez 1 298 62.0 74.0 74.0 74 1470871774 1470876818 undefined
hrmoncadalopez 1 297 65.0 69.0 69.0 69 1470871774 1470876808 undefined
hrmoncadalopez 1 287 186.0 202.0 202.0 202 1470871774 1470876786 undefined
hrmoncadalopez 1 296 66.0 68.0 68.0 68 1470871774 1470876775 undefined
hrmoncadalopez 1 292 89.0 91.0 91.0 91 1470871774 1470876745 undefined
hrmoncadalopez 1 291 104.0 106.0 106.0 106 1470871774 1470876744 undefined
hrmoncadalopez 1 293 73.0 84.0 84.0 84 1470871774 1470876739 undefined
hrmoncadalopez 1 286 166.0 175.0 175.0 175 1470871774 1470876707 undefined
hrmoncadalopez 1 281 235.0 239.0 239.0 239 1470871774 1470876683 undefined
hrmoncadalopez 1 290 72.0 74.0 74.0 74 1470871774 1470876667 undefined
hrmoncadalopez 1 289 67.0 69.0 69.0 69 1470871774 1470876655 undefined
hrmoncadalopez 1 288 54.0 69.0 69.0 69 1470871774 1470876654 undefined
hrmoncadalopez 1 278 223.0 238.0 238.0 238 1470871774 1470876638 undefined
hrmoncadalopez 1 284 89.0 92.0 92.0 92 1470871774 1470876593 undefined
hrmoncadalopez 1 285 82.0 84.0 84.0 84 1470871774 1470876586 undefined
hrmoncadalopez 1 283 99.0 106.0 106.0 106 1470871774 1470876585 undefined
hrmoncadalopez 1 275 229.0 239.0 239.0 239 1470871774 1470876584 undefined
hrmoncadalopez 1 282 61.0 75.0 75.0 75 1470871774 1470876532 undefined
hrmoncadalopez 1 262 296.0 311.0 311.0 311 1470871774 1470876502 undefined
hrmoncadalopez 1 280 62.0 78.0 78.0 78 1470871774 1470876501 undefined
hrmoncadalopez 1 272 143.0 149.0 149.0 149 1470871774 1470876479 undefined
hrmoncadalopez 1 256 297.0 311.0 311.0 311 1470871774 1470876457 undefined
hrmoncadalopez 1 277 74.0 78.0 78.0 78 1470871774 1470876444 undefined
hrmoncadalopez 1 269 129.0 138.0 138.0 138 1470871774 1470876423 undefined
hrmoncadalopez 1 274 72.0 78.0 78.0 78 1470871774 1470876416 undefined
hrmoncadalopez 1 263 165.0 167.0 167.0 167 1470871774 1470876400 undefined
hrmoncadalopez 1 271 69.0 70.0 70.0 70 1470871774 1470876366 undefined
hrmoncadalopez 1 268 64.0 78.0 78.0 77 1470871774 1470876363 undefined
hrmoncadalopez 1 250 275.0 279.0 279.0 279 1470871774 1470876338 undefined
hrmoncadalopez 1 265 69.0 74.0 74.0 74 1470871774 1470876331 undefined
hrmoncadalopez 1 264 75.0 83.0 83.0 83 1470871774 1470876330 undefined
hrmoncadalopez 1 266 60.0 67.0 67.0 67 1470871774 1470876327 undefined
hrmoncadalopez 1 244 295.0 302.0 302.0 302 1470871774 1470876296 undefined
hrmoncadalopez 1 257 136.0 138.0 138.0 137 1470871774 1470876286 undefined
hrmoncadalopez 1 261 69.0 71.0 71.0 71 1470871774 1470876262 undefined
hrmoncadalopez 1 259 71.0 75.0 75.0 75 1470871774 1470876260 undefined
hrmoncadalopez 1 260 56.0 68.0 68.0 68 1470871774 1470876257 undefined
hrmoncadalopez 1 258 67.0 82.0 82.0 82 1470871774 1470876247 undefined
hrmoncadalopez 1 217 650.0 666.0 666.0 666 1470871774 1470876245 undefined
hrmoncadalopez 1 251 113.0 128.0 128.0 128 1470871774 1470876233 undefined
hrmoncadalopez 1 238 310.0 319.0 319.0 319 1470871774 1470876223 undefined
hrmoncadalopez 1 252 77.0 80.0 80.0 80 1470871774 1470876191 undefined
hrmoncadalopez 1 253 72.0 76.0 76.0 76 1470871774 1470876191 undefined
hrmoncadalopez 1 255 66.0 71.0 71.0 71 1470871774 1470876189 undefined
hrmoncadalopez 1 254 53.0 68.0 68.0 68 1470871774 1470876185 undefined
hrmoncadalopez 1 211 655.0 665.0 665.0 665 1470871774 1470876148 undefined
hrmoncadalopez 1 245 134.0 137.0 137.0 137 1470871774 1470876146 undefined
hrmoncadalopez 1 246 80.0 82.0 82.0 82 1470871774 1470876118 undefined
hrmoncadalopez 1 247 73.0 76.0 76.0 76 1470871774 1470876117 undefined
hrmoncadalopez 1 249 65.0 70.0 70.0 70 1470871774 1470876115 undefined
hrmoncadalopez 1 248 62.0 66.0 66.0 66 1470871774 1470876111 undefined
hrmoncadalopez 1 232 288.0 292.0 292.0 292 1470871774 1470876108 undefined
hrmoncadalopez 1 243 62.0 72.0 72.0 72 1470871774 1470876059 undefined
hrmoncadalopez 1 239 137.0 141.0 141.0 141 1470871774 1470876056 undefined
hrmoncadalopez 1 205 649.0 656.0 656.0 656 1470871774 1470876041 undefined
hrmoncadalopez 1 242 36.0 51.0 51.0 51 1470871774 1470876036 undefined
hrmoncadalopez 1 240 82.0 83.0 83.0 83 1470871774 1470876009 undefined
hrmoncadalopez 1 226 301.0 310.0 310.0 310 1470871774 1470876001 undefined
hrmoncadalopez 1 241 64.0 68.0 68.0 68 1470871774 1470875994 undefined
hrmoncadalopez 1 199 648.0 662.0 662.0 662 1470871774 1470875987 undefined
hrmoncadalopez 1 233 158.0 166.0 166.0 166 1470871774 1470875983 undefined
hrmoncadalopez 1 237 58.0 66.0 66.0 66 1470871774 1470875968 undefined
hrmoncadalopez 1 193 661.0 666.0 666.0 666 1470871774 1470875919 undefined
hrmoncadalopez 1 236 56.0 68.0 68.0 68 1470871774 1470875915 undefined
hrmoncadalopez 1 234 78.0 83.0 83.0 83 1470871774 1470875904 undefined
hrmoncadalopez 1 235 73.0 75.0 75.0 75 1470871774 1470875902 undefined
hrmoncadalopez 1 227 160.0 166.0 166.0 166 1470871774 1470875894 undefined
hrmoncadalopez 1 231 67.0 71.0 71.0 71 1470871774 1470875847 undefined
hrmoncadalopez 1 230 67.0 70.0 70.0 70 1470871774 1470875827 undefined
hrmoncadalopez 1 228 71.0 83.0 83.0 83 1470871774 1470875821 undefined
hrmoncadalopez 1 187 653.0 661.0 661.0 661 1470871774 1470875817 undefined
hrmoncadalopez 1 229 71.0 74.0 74.0 74 1470871774 1470875816 undefined
hrmoncadalopez 1 181 669.0 678.0 678.0 678 1470871774 1470875776 undefined
hrmoncadalopez 1 225 64.0 71.0 71.0 71 1470871774 1470875757 undefined
hrmoncadalopez 1 223 65.0 70.0 70.0 70 1470871774 1470875742 undefined
hrmoncadalopez 1 224 61.0 65.0 65.0 65 1470871774 1470875738 undefined
hrmoncadalopez 1 222 61.0 66.0 66.0 66 1470871774 1470875728 undefined
hrmoncadalopez 1 213 164.0 177.0 177.0 177 1470871774 1470875691 undefined
hrmoncadalopez 1 221 59.0 70.0 70.0 70 1470871774 1470875686 undefined
hrmoncadalopez 1 219 54.0 68.0 68.0 68 1470871774 1470875673 undefined
hrmoncadalopez 1 220 57.0 66.0 66.0 66 1470871774 1470875672 undefined
hrmoncadalopez 1 218 66.0 81.0 81.0 81 1470871774 1470875662 undefined
hrmoncadalopez 1 215 83.0 85.0 85.0 85 1470871774 1470875616 undefined
hrmoncadalopez 1 216 63.0 66.0 66.0 66 1470871774 1470875606 undefined
hrmoncadalopez 1 207 168.0 176.0 176.0 176 1470871774 1470875605 undefined
hrmoncadalopez 1 214 49.0 57.0 57.0 57 1470871774 1470875581 undefined
hrmoncadalopez 1 212 66.0 77.0 77.0 77 1470871774 1470875579 undefined
hrmoncadalopez 1 209 75.0 87.0 87.0 87 1470871774 1470875540 undefined
hrmoncadalopez 1 210 58.0 64.0 64.0 64 1470871774 1470875531 undefined
hrmoncadalopez 1 201 167.0 179.0 179.0 179 1470871774 1470875524 undefined
hrmoncadalopez 1 168 587.0 590.0 590.0 590 1470871774 1470875514 undefined
hrmoncadalopez 1 208 48.0 57.0 57.0 57 1470871774 1470875502 undefined
hrmoncadalopez 1 206 67.0 72.0 72.0 72 1470871774 1470875483 undefined
hrmoncadalopez 1 203 83.0 86.0 86.0 86 1470871774 1470875467 undefined
hrmoncadalopez 1 195 161.0 177.0 177.0 177 1470871774 1470875453 undefined
hrmoncadalopez 1 204 51.0 64.0 64.0 64 1470871774 1470875445 undefined
hrmoncadalopez 1 202 45.0 57.0 57.0 57 1470871774 1470875429 undefined
hrmoncadalopez 1 200 65.0 73.0 73.0 73 1470871774 1470875411 undefined
hrmoncadalopez 1 197 81.0 85.0 85.0 85 1470871774 1470875385 undefined
hrmoncadalopez 1 159 566.0 575.0 575.0 575 1470871774 1470875381 undefined
hrmoncadalopez 1 198 58.0 64.0 64.0 64 1470871774 1470875381 undefined
hrmoncadalopez 1 189 172.0 187.0 187.0 187 1470871774 1470875372 undefined
hrmoncadalopez 1 196 45.0 57.0 57.0 57 1470871774 1470875345 undefined
hrmoncadalopez 1 194 63.0 73.0 73.0 73 1470871774 1470875338 undefined
hrmoncadalopez 1 191 83.0 86.0 86.0 86 1470871774 1470875317 undefined
hrmoncadalopez 1 150 575.0 584.0 584.0 584 1470871774 1470875305 undefined
hrmoncadalopez 1 192 49.0 64.0 64.0 63 1470871774 1470875300 undefined
hrmoncadalopez 1 183 165.0 179.0 179.0 179 1470871774 1470875288 undefined
hrmoncadalopez 1 190 55.0 58.0 58.0 58 1470871774 1470875276 undefined
hrmoncadalopez 1 188 59.0 72.0 72.0 72 1470871774 1470875253 undefined
hrmoncadalopez 1 185 80.0 86.0 86.0 86 1470871774 1470875236 undefined
hrmoncadalopez 1 177 174.0 182.0 182.0 182 1470871774 1470875231 undefined
hrmoncadalopez 1 141 579.0 595.0 595.0 595 1470871774 1470875223 undefined
hrmoncadalopez 1 186 60.0 65.0 65.0 65 1470871774 1470875218 undefined
hrmoncadalopez 1 184 51.0 58.0 58.0 58 1470871774 1470875185 undefined
hrmoncadalopez 1 182 71.0 73.0 73.0 73 1470871774 1470875181 undefined
hrmoncadalopez 1 179 79.0 85.0 85.0 85 1470871774 1470875156 undefined
hrmoncadalopez 1 175 125.0 140.0 140.0 140 1470871774 1470875153 undefined
hrmoncadalopez 1 180 49.0 65.0 65.0 65 1470871774 1470875150 undefined
hrmoncadalopez 1 176 74.0 83.0 83.0 83 1470871774 1470875127 undefined
hrmoncadalopez 1 178 55.0 57.0 57.0 57 1470871774 1470875109 undefined
hrmoncadalopez 1 132 559.0 563.0 563.0 563 1470871774 1470875108 undefined
hrmoncadalopez 1 173 88.0 94.0 94.0 94 1470871774 1470875098 undefined
hrmoncadalopez 1 174 50.0 60.0 60.0 60 1470871774 1470875071 undefined
hrmoncadalopez 1 169 115.0 120.0 120.0 120 1470871774 1470875052 undefined
hrmoncadalopez 1 166 135.0 139.0 139.0 139 1470871774 1470875049 undefined
hrmoncadalopez 1 172 52.0 68.0 68.0 68 1470871774 1470875044 undefined
hrmoncadalopez 1 123 558.0 568.0 568.0 568 1470871774 1470875024 undefined
hrmoncadalopez 1 171 51.0 60.0 60.0 60 1470871774 1470875013 undefined
hrmoncadalopez 1 170 66.0 78.0 78.0 78 1470871774 1470875011 undefined
hrmoncadalopez 1 167 80.0 82.0 82.0 82 1470871774 1470875004 undefined
hrmoncadalopez 1 164 87.0 95.0 95.0 95 1470871774 1470874976 undefined
hrmoncadalopez 1 165 61.0 71.0 71.0 71 1470871774 1470874953 undefined
hrmoncadalopez 1 157 132.0 140.0 140.0 140 1470871774 1470874933 undefined
hrmoncadalopez 1 160 113.0 117.0 117.0 117 1470871774 1470874932 undefined
hrmoncadalopez 1 161 73.0 75.0 75.0 75 1470871774 1470874924 undefined
hrmoncadalopez 1 163 57.0 67.0 67.0 67 1470871774 1470874922 undefined
hrmoncadalopez 1 162 45.0 61.0 61.0 61 1470871774 1470874910 undefined
hrmoncadalopez 1 158 65.0 82.0 82.0 81 1470871774 1470874882 undefined
hrmoncadalopez 1 155 93.0 96.0 96.0 96 1470871774 1470874881 undefined
hrmoncadalopez 1 156 66.0 70.0 70.0 70 1470871774 1470874855 undefined
hrmoncadalopez 1 151 109.0 123.0 123.0 123 1470871774 1470874849 undefined
hrmoncadalopez 1 148 125.0 139.0 139.0 139 1470871774 1470874849 undefined
hrmoncadalopez 1 154 50.0 59.0 59.0 59 1470871774 1470874815 undefined
hrmoncadalopez 1 153 57.0 61.0 61.0 61 1470871774 1470874806 undefined
hrmoncadalopez 1 152 65.0 74.0 74.0 74 1470871774 1470874800 undefined
hrmoncadalopez 1 149 79.0 82.0 82.0 81 1470871774 1470874793 undefined
hrmoncadalopez 1 147 64.0 70.0 70.0 70 1470871774 1470874767 undefined
hrmoncadalopez 1 146 68.0 79.0 79.0 79 1470871774 1470874756 undefined
hrmoncadalopez 1 142 110.0 120.0 120.0 120 1470871774 1470874754 undefined
hrmoncadalopez 1 139 138.0 140.0 140.0 140 1470871774 1470874745 undefined
hrmoncadalopez 1 143 67.0 75.0 75.0 75 1470871774 1470874721 undefined
hrmoncadalopez 1 145 34.0 46.0 46.0 46 1470871774 1470874711 undefined
hrmoncadalopez 1 144 48.0 58.0 58.0 58 1470871774 1470874710 undefined
hrmoncadalopez 1 140 76.0 81.0 81.0 81 1470871774 1470874697 undefined
hrmoncadalopez 1 137 87.0 94.0 94.0 94 1470871774 1470874693 undefined
hrmoncadalopez 1 138 65.0 72.0 72.0 72 1470871774 1470874677 undefined
hrmoncadalopez 1 130 130.0 135.0 135.0 135 1470871774 1470874670 undefined
hrmoncadalopez 1 136 52.0 68.0 68.0 68 1470871774 1470874655 undefined
hrmoncadalopez 1 133 96.0 107.0 107.0 107 1470871774 1470874652 undefined
hrmoncadalopez 1 134 66.0 74.0 74.0 74 1470871774 1470874646 undefined
hrmoncadalopez 1 135 44.0 51.0 51.0 51 1470871774 1470874634 undefined
hrmoncadalopez 1 102 385.0 390.0 390.0 390 1470871774 1470874628 undefined
hrmoncadalopez 1 131 72.0 77.0 77.0 77 1470871774 1470874616 undefined
hrmoncadalopez 1 128 88.0 91.0 91.0 91 1470871774 1470874599 undefined
hrmoncadalopez 1 129 59.0 67.0 67.0 67 1470871774 1470874587 undefined
hrmoncadalopez 1 119 144.0 162.0 162.0 162 1470871774 1470874585 undefined
hrmoncadalopez 1 124 119.0 124.0 124.0 124 1470871774 1470874583 undefined
hrmoncadalopez 1 112 223.0 227.0 227.0 227 1470871774 1470874572 undefined
hrmoncadalopez 1 120 115.0 121.0 121.0 121 1470871774 1470874569 undefined
hrmoncadalopez 1 125 73.0 76.0 76.0 76 1470871774 1470874539 undefined
hrmoncadalopez 1 127 50.0 63.0 63.0 63 1470871774 1470874535 undefined
hrmoncadalopez 1 126 55.0 61.0 61.0 61 1470871774 1470874525 undefined
hrmoncadalopez 1 121 69.0 71.0 71.0 70 1470871774 1470874522 undefined
hrmoncadalopez 1 122 49.0 64.0 64.0 64 1470871774 1470874520 undefined
hrmoncadalopez 1 89 396.0 400.0 400.0 400 1470871774 1470874508 undefined
hrmoncadalopez 1 118 58.0 68.0 68.0 68 1470871774 1470874472 undefined
hrmoncadalopez 1 111 116.0 122.0 122.0 122 1470871774 1470874464 undefined
hrmoncadalopez 1 109 136.0 139.0 139.0 139 1470871774 1470874463 undefined
hrmoncadalopez 1 117 51.0 63.0 63.0 63 1470871774 1470874459 undefined
hrmoncadalopez 1 114 85.0 87.0 87.0 87 1470871774 1470874456 undefined
hrmoncadalopez 1 113 74.0 87.0 87.0 87 1470871774 1470874456 undefined
hrmoncadalopez 1 115 63.0 70.0 70.0 70 1470871774 1470874451 undefined
hrmoncadalopez 1 116 60.0 65.0 65.0 65 1470871774 1470874448 undefined
hrmoncadalopez 1 98 221.0 230.0 230.0 230 1470871774 1470874423 undefined
hrmoncadalopez 1 110 70.0 76.0 76.0 76 1470871774 1470874404 undefined
hrmoncadalopez 1 107 83.0 96.0 96.0 96 1470871774 1470874396 undefined
hrmoncadalopez 1 108 67.0 82.0 82.0 82 1470871774 1470874383 undefined
hrmoncadalopez 1 76 386.0 397.0 397.0 397 1470871774 1470874381 undefined
hrmoncadalopez 1 105 83.0 84.0 84.0 84 1470871774 1470874369 undefined
hrmoncadalopez 1 106 67.0 82.0 82.0 82 1470871774 1470874369 undefined
hrmoncadalopez 1 104 67.0 74.0 74.0 74 1470871774 1470874345 undefined
hrmoncadalopez 1 103 74.0 77.0 77.0 77 1470871774 1470874342 undefined
hrmoncadalopez 1 96 138.0 142.0 142.0 142 1470871774 1470874328 undefined
hrmoncadalopez 1 97 118.0 133.0 133.0 133 1470871774 1470874324 undefined
hrmoncadalopez 1 101 67.0 70.0 70.0 70 1470871774 1470874301 undefined
hrmoncadalopez 1 85 224.0 231.0 231.0 231 1470871774 1470874300 undefined
hrmoncadalopez 1 100 83.0 86.0 86.0 86 1470871774 1470874287 undefined
hrmoncadalopez 1 99 80.0 87.0 87.0 87 1470871774 1470874285 undefined
hrmoncadalopez 1 94 90.0 100.0 100.0 100 1470871774 1470874271 undefined
hrmoncadalopez 1 95 63.0 82.0 82.0 82 1470871774 1470874265 undefined
hrmoncadalopez 1 93 76.0 81.0 81.0 81 1470871774 1470874238 undefined
hrmoncadalopez 1 92 71.0 85.0 85.0 85 1470871774 1470874231 undefined
hrmoncadalopez 1 91 64.0 68.0 68.0 68 1470871774 1470874201 undefined
hrmoncadalopez 1 90 63.0 73.0 73.0 73 1470871774 1470874198 undefined
hrmoncadalopez 1 70 271.0 274.0 274.0 274 1470871774 1470874193 undefined
hrmoncadalopez 1 83 140.0 146.0 146.0 146 1470871774 1470874191 undefined
hrmoncadalopez 1 84 120.0 138.0 138.0 138 1470871774 1470874186 undefined
hrmoncadalopez 1 87 84.0 101.0 101.0 101 1470871774 1470874183 undefined
hrmoncadalopez 1 88 55.0 68.0 68.0 68 1470871774 1470874171 undefined
hrmoncadalopez 1 86 76.0 88.0 88.0 88 1470871774 1470874157 undefined
hrmoncadalopez 1 65 273.0 276.0 276.0 276 1470871774 1470874146 undefined
hrmoncadalopez 1 81 92.0 96.0 96.0 96 1470871774 1470874133 undefined
hrmoncadalopez 1 82 69.0 81.0 81.0 81 1470871774 1470874125 undefined
hrmoncadalopez 1 80 74.0 83.0 83.0 82 1470871774 1470874108 undefined
hrmoncadalopez 1 60 271.0 277.0 277.0 277 1470871774 1470874103 undefined
hrmoncadalopez 1 79 71.0 84.0 84.0 84 1470871774 1470874082 undefined
hrmoncadalopez 1 78 59.0 75.0 75.0 75 1470871774 1470874069 undefined
hrmoncadalopez 1 77 66.0 82.0 82.0 82 1470871774 1470874069 undefined
hrmoncadalopez 1 55 271.0 276.0 276.0 276 1470871774 1470874048 undefined
hrmoncadalopez 1 74 83.0 89.0 89.0 89 1470871774 1470874045 undefined
hrmoncadalopez 1 72 90.0 96.0 96.0 96 1470871774 1470874044 undefined
hrmoncadalopez 1 75 59.0 72.0 72.0 72 1470871774 1470874037 undefined
hrmoncadalopez 1 73 69.0 71.0 71.0 71 1470871774 1470874025 undefined
hrmoncadalopez 1 71 63.0 67.0 67.0 67 1470871774 1470873998 undefined
hrmoncadalopez 1 69 81.0 90.0 90.0 90 1470871774 1470873994 undefined
hrmoncadalopez 1 50 267.0 276.0 276.0 276 1470871774 1470873987 undefined
hrmoncadalopez 1 67 90.0 95.0 95.0 94 1470871774 1470873984 undefined
hrmoncadalopez 1 68 69.0 71.0 71.0 71 1470871774 1470873965 undefined
hrmoncadalopez 1 66 65.0 68.0 68.0 68 1470871774 1470873956 undefined
hrmoncadalopez 1 45 269.0 275.0 275.0 275 1470871774 1470873954 undefined
hrmoncadalopez 1 64 73.0 88.0 88.0 88 1470871774 1470873948 undefined
hrmoncadalopez 1 62 82.0 94.0 94.0 94 1470871774 1470873931 undefined
hrmoncadalopez 1 63 55.0 70.0 70.0 70 1470871774 1470873919 undefined
hrmoncadalopez 1 61 52.0 68.0 68.0 68 1470871774 1470873904 undefined
hrmoncadalopez 1 40 274.0 279.0 279.0 279 1470871774 1470873894 undefined
hrmoncadalopez 1 57 93.0 95.0 95.0 95 1470871774 1470873889 undefined
hrmoncadalopez 1 59 73.0 88.0 88.0 88 1470871774 1470873888 undefined
hrmoncadalopez 1 58 57.0 70.0 70.0 70 1470871774 1470873870 undefined
hrmoncadalopez 1 56 52.0 68.0 68.0 68 1470871774 1470873860 undefined
hrmoncadalopez 1 54 82.0 88.0 88.0 88 1470871774 1470873849 undefined
hrmoncadalopez 1 35 266.0 275.0 275.0 275 1470871774 1470873837 undefined
hrmoncadalopez 1 52 85.0 94.0 94.0 94 1470871774 1470873836 undefined
hrmoncadalopez 1 53 57.0 72.0 72.0 72 1470871774 1470873826 undefined
hrmoncadalopez 1 30 273.0 275.0 275.0 275 1470871774 1470873800 undefined
hrmoncadalopez 1 51 63.0 67.0 67.0 67 1470871774 1470873800 undefined
hrmoncadalopez 1 47 85.0 95.0 95.0 95 1470871774 1470873794 undefined
hrmoncadalopez 1 49 81.0 90.0 90.0 90 1470871774 1470873792 undefined
hrmoncadalopez 1 48 70.0 73.0 73.0 73 1470871774 1470873772 undefined
hrmoncadalopez 1 25 261.0 269.0 269.0 269 1470871774 1470873761 undefined
hrmoncadalopez 1 46 65.0 67.0 67.0 67 1470871774 1470873754 undefined
hrmoncadalopez 1 44 82.0 88.0 88.0 88 1470871774 1470873742 undefined
hrmoncadalopez 1 42 84.0 95.0 95.0 95 1470871774 1470873733 undefined
hrmoncadalopez 1 43 66.0 71.0 71.0 71 1470871774 1470873711 undefined
hrmoncadalopez 1 39 85.0 89.0 89.0 89 1470871774 1470873702 undefined
hrmoncadalopez 1 41 63.0 68.0 68.0 68 1470871774 1470873699 undefined
hrmoncadalopez 1 20 257.0 264.0 264.0 264 1470871774 1470873699 undefined
hrmoncadalopez 1 37 85.0 95.0 95.0 95 1470871774 1470873687 undefined
hrmoncadalopez 1 38 56.0 71.0 71.0 71 1470871774 1470873679 undefined
hrmoncadalopez 1 36 60.0 67.0 67.0 67 1470871774 1470873654 undefined
hrmoncadalopez 1 34 84.0 87.0 87.0 87 1470871774 1470873640 undefined
hrmoncadalopez 1 15 232.0 293.0 293.0 293 1470871774 1470873638 undefined
hrmoncadalopez 1 32 82.0 94.0 94.0 94 1470871774 1470873631 undefined
hrmoncadalopez 1 33 67.0 70.0 70.0 70 1470871774 1470873615 undefined
hrmoncadalopez 1 29 79.0 88.0 88.0 88 1470871774 1470873613 undefined
hrmoncadalopez 1 27 92.0 96.0 96.0 96 1470871774 1470873608 undefined
hrmoncadalopez 1 31 62.0 67.0 67.0 67 1470871774 1470873592 undefined
hrmoncadalopez 1 28 58.0 73.0 73.0 73 1470871774 1470873587 undefined
hrmoncadalopez 1 26 64.0 67.0 67.0 67 1470871774 1470873562 undefined
hrmoncadalopez 1 22 77.0 88.0 88.0 88 1470871774 1470873553 undefined
hrmoncadalopez 1 24 59.0 68.0 68.0 68 1470871774 1470873545 undefined
hrmoncadalopez 1 23 59.0 72.0 72.0 72 1470871774 1470873537 undefined
hrmoncadalopez 1 21 47.0 49.0 49.0 49 1470871774 1470873514 undefined
hrmoncadalopez 1 17 66.0 106.0 106.0 106 1470871774 1470873512 undefined
hrmoncadalopez 1 19 55.0 66.0 66.0 66 1470871774 1470873495 undefined
hrmoncadalopez 1 18 51.0 75.0 75.0 75 1470871774 1470873492 undefined
hrmoncadalopez 1 16 35.0 71.0 71.0 70 1470871774 1470873477 undefined
hrmoncadalopez 1 0 305.0 1693.0 1693.0 1692 1470871774 1470873477 undefined
hrmoncadalopez 1 5 302.0 1687.0 1687.0 1687 1470871774 1470873471 undefined
hrmoncadalopez 1 10 301.0 1679.0 1679.0 1679 1470871774 1470873464 undefined
hrmoncadalopez 1 14 58.0 150.0 150.0 150 1470871774 1470873435 undefined
hrmoncadalopez 1 13 46.0 144.0 144.0 144 1470871774 1470873429 undefined
hrmoncadalopez 1 6 112.0 1644.0 1644.0 1644 1470871774 1470873429 undefined
hrmoncadalopez 1 12 61.0 132.0 132.0 132 1470871774 1470873417 undefined
hrmoncadalopez 1 4 132.0 1619.0 1619.0 1619 1470871774 1470873403 undefined
hrmoncadalopez 1 1 106.0 1619.0 1619.0 1619 1470871774 1470873403 undefined
hrmoncadalopez 1 9 133.0 1610.0 1610.0 1610 1470871774 1470873395 undefined
hrmoncadalopez 1 11 112.0 1606.0 1606.0 1606 1470871774 1470873391 undefined
hrmoncadalopez 1 7 138.0 1517.0 1517.0 1517 1470871774 1470873302 undefined
hrmoncadalopez 1 2 139.0 1496.0 1496.0 1496 1470871774 1470873280 undefined
hrmoncadalopez 1 3 117.0 1485.0 1485.0 1485 1470871774 1470873270 undefined
hrmoncadalopez 1 8 116.0 1461.0 1461.0 1461 1470871774 1470873246 undefined
